easy:

  20: Using Branch and Bound the best feasible solution found:        Value 726, Weight 519
      1 2 3 5 10 12 15 16 18 19 20
      Using Greedy (not necessarily optimal) the best feasible solution found:        Value 692, Weight 476
      1 2 5 7 9 10 12 15 16 18 19 20
      Using Dynamic programming the best feasible solution found:     Value 726, Weight 519
      1 2 3 5 10 12 15 16 18 19 20

  50: Using Branch and Bound the best feasible solution found:        Value 1123, Weight 250
      1 2 3 4 5 6 7 8 9 10 11 12 13 14 15 16 17 18 19 20 31 32 33 34 35 36 37 38 39 40 41 43 44 45
      Using Greedy (not necessarily optimal) the best feasible solution found:        Value 1115, Weight 247
      1 2 3 4 5 6 7 8 9 10 11 12 13 14 15 16 17 18 19 20 31 32 33 34 35 36 37 38 39 40 41 42 43 44 46
      Using Dynamic programming the best feasible solution found:     Value 1123, Weight 250
      1 2 3 4 5 6 7 8 9 10 11 12 13 14 15 16 17 18 19 20 31 32 33 34 35 36 37 38 39 40 41 43 44 45

 200: Using Branch and Bound the best feasible solution found:        Value 4092, Weight 2658
      1 2 3 4 5 6 9 13 14 15 16 17 18 22 24 25 27 30 31 32 36 37 38 39 41 43 45 46 47 49 52 53 54 55 56 57 58 59 60 61 62 64 65 66 67 68 70 71 72 76 77 78 82 83 87 88 90 93 94 95 96 97 98 99 103 104 107 112 113 114 115 117 118 119 121 122 123 124 125 129 133 134 135 136 139 141 142 144 145 147 148 150 151 152 153 157 158 159 160 162 163 164 165 168 172 173 174 175 179 182 183 184 186 188 189 190 191 195 197 198 199 200
      Using Greedy (not necessarily optimal) the best feasible solution found:        Value 4090, Weight 2655
      1 2 3 4 5 6 9 13 14 15 16 17 18 22 24 25 27 30 32 36 37 38 39 41 43 45 46 47 49 52 53 54 55 56 57 58 59 60 61 62 64 65 66 67 68 70 71 72 76 77 78 81 82 83 86 87 88 90 93 94 95 96 97 98 103 104 107 112 113 114 115 117 118 119 121 122 123 124 125 129 133 134 135 136 139 141 142 144 145 147 148 150 151 152 153 157 158 159 160 162 163 164 165 168 172 173 174 175 179 182 183 184 186 188 189 190 191 195 197 198 199 200
      Using Dynamic programming the best feasible solution found:     Value 4092, Weight 2658
      1 2 3 4 5 6 9 13 14 15 16 17 18 22 24 25 26 27 30 31 32 36 37 38 39 41 43 45 46 47 49 52 53 54 55 56 57 58 59 60 61 62 64 65 66 67 68 70 71 72 76 77 78 82 83 87 88 90 93 94 95 96 97 98 103 104 107 112 113 114 115 117 118 119 121 122 123 124 125 129 133 134 135 136 137 139 141 142 144 145 147 148 150 151 152 153 157 158 159 160 162 163 164 165 168 172 175 179 182 183 184 186 188 189 190 191 195 197 198 199 200

hard:

  50: Using Branch and Bound the best feasible solution found:        Value 16610, Weight 10110
      5 6 7 8 9 10 11 12 17 18 19 20 21 25 26 27 28 31 33 34 35 36 37 38 39 40 41 42 43 44 45 46 47 48 49
      Using Greedy (not necessarily optimal) the best feasible solution found:        Value 16538, Weight 10038
      5 6 7 8 9 10 11 12 17 18 19 20 21 25 26 27 31 32 33 34 35 36 37 38 39 40 41 42 43 44 45 46 47 48 49
      Using Dynamic programming the best feasible solution found:     Value 16610, Weight 10110
      5 6 7 8 9 10 11 12 17 18 19 20 21 25 26 27 28 31 33 34 35 36 37 38 39 40 41 42 43 44 45 46 47 48 49

 200: Using Branch and Bound the best feasible solution found:	Value 137448, Weight 112648
      1 3 6 7 8 9 10 11 12 14 15 16 17 18 19 20 24 25 26 27 28 29 30 33 34 35 36 40 44 45 46 47 48 49 50 51 52 58 59 60 61 62 63 64 66 67 68 74 75 76 77 78 79 80 81 82 83 90 91 92 93 94 95 109 110 115 116 117 118 119 120 121 122 123 124 125 126 127 128 129 130 132 133 137 138 143 144 145 146 147 148 149 150 151 152 155 156 157 161 162 163 164 165 166 167 169 170 172 173 174 175 176 177 178 179 181 182 183 184 185 186 187 188 189 190 195 197 198 199 200
      Using Greedy (not necessarily optimal) the best feasible solution found:        Value 136724, Weight 111924
      1 2 3 6 7 8 9 10 11 12 14 15 16 17 18 19 20 24 25 26 27 28 29 30 33 34 35 36 44 45 46 47 48 49 50 51 52 58 59 60 61 62 63 64 66 67 68 74 75 76 77 78 79 80 81 82 83 90 91 92 93 94 95 109 110 111 115 116 117 118 119 120 121 122 123 124 125 126 127 128 129 130 131 132 133 137 138 143 144 145 146 147 148 149 150 151 152 155 156 157 161 162 163 164 165 166 167 169 172 173 174 175 176 177 178 183 184 185 186 187 188 189 190 195 196 197 198 199 200
      Using Dynamic programming the best feasible solution found:     Value 137448, Weight 112648
      1 2 3 6 7 8 9 10 11 12 14 15 16 17 18 19 20 24 25 26 27 28 29 30 33 34 35 36 44 45 46 47 48 49 50 51 52 58 59 60 61 62 63 64 66 67 68 74 75 76 77 78 79 80 81 82 83 90 91 92 93 94 95 109 110 111 115 116 117 118 119 120 121 122 123 124 125 126 127 128 129 130 131 132 133 137 138 143 144 145 146 147 148 149 150 151 152 155 156 157 161 162 163 164 165 167 169 171 172 173 174 175 176 177 178 179 181 183 184 185 186 187 188 189 190 195 197
